Gene	mut	gain	loss
TP53	0.765625	0	-3.125
LRP1B	0.40625	0	0
RYR1	0.203125	7.8125	0
SPTA1	0.203125	1.5625	0
ARID2	0.1875	0	0
ARID1A	0.171875	0	0
DMD	0.171875	0	0
PIK3CA	0.171875	1.5625	0
SPEN	0.15625	0	0
CDKN2A	0.140625	0	-10.9375
KMT2D	0.140625	0	-1.5625
PRKDC	0.140625	1.5625	0
ZFHX3	0.140625	0	0
ALK	0.125	1.5625	0
FAT1	0.125	0	-3.125
SMAD4	0.125	0	-3.125
AR	0.109375	0	0
FANCF	0.109375	1.5625	0
FBXW7	0.109375	0	0
KMT2C	0.109375	1.5625	0
LRP2	0.109375	1.5625	0
NOTCH1	0.109375	0	0
SDHA	0.109375	3.125	0
TSC2	0.109375	0	-1.5625
APC	0.09375	0	0
CARD11	0.09375	6.25	0
DPYD	0.09375	0	0
GLI2	0.09375	0	0
MAST4	0.09375	0	0
MCC	0.09375	0	0
NTRK3	0.09375	1.5625	0
TERT	0.09375	3.125	0
ASXL1	0.078125	7.8125	0
BRCA1	0.078125	1.5625	0
CACNA1H	0.078125	0	0
CD79B	0.078125	1.5625	-1.5625
CREBBP	0.078125	0	-1.5625
DCLK3	0.078125	0	0
DST	0.078125	7.8125	0
EPHA5	0.078125	0	0
HNF1A	0.078125	1.5625	0
IKZF1	0.078125	6.25	0
JRK	0.078125	0	0
KAT6A	0.078125	3.125	0
KCNA5	0.078125	3.125	0
MGAM	0.078125	1.5625	0
PARP10	0.078125	9.375	0
PRDM2	0.078125	1.5625	0
PTEN	0.078125	0	0
RNF43	0.078125	0	0
SOX9	0.078125	0	0
USP8	0.078125	0	0
ADAMTS7	0.0625	1.5625	0
ATRX	0.0625	0	0
BCL9	0.0625	3.125	0
BCOR	0.0625	0	0
BCORL1	0.0625	0	0
BRAF	0.0625	1.5625	0
BRCA2	0.0625	7.8125	0
CCAR2	0.0625	0	0
CCND2	0.0625	3.125	0
CENPE	0.0625	0	0
CHEK2	0.0625	0	0
CRMP1	0.0625	1.5625	0
DNMT3A	0.0625	1.5625	0
EP300	0.0625	0	0
ERBB2	0.0625	14.0625	0
ERBB3	0.0625	3.125	0
ERBB4	0.0625	3.125	0
FOXL2	0.0625	0	0
GNAQ	0.0625	1.5625	0
GNAS	0.0625	7.8125	0
GRIN1	0.0625	3.125	0
GRIN2A	0.0625	0	0
IGSF1	0.0625	0	0
JAK1	0.0625	0	-1.5625
KDM5C	0.0625	0	0
KDM6A	0.0625	0	0
KMT2A	0.0625	3.125	0
MGMT	0.0625	1.5625	0
MMP17	0.0625	0	0
MMP9	0.0625	7.8125	0
MTOR	0.0625	1.5625	0
NOTCH2	0.0625	1.5625	0
NOTCH3	0.0625	0	0
PAK3	0.0625	0	0
PDGFD	0.0625	0	0
PIK3CG	0.0625	1.5625	0
RPTOR	0.0625	0	0
SMARCA4	0.0625	0	-1.5625
SMARCB1	0.0625	0	0
SOX2	0.0625	1.5625	0
AKT2	0.046875	4.6875	0
AMER1	0.046875	0	0
ATAD2B	0.046875	1.5625	0
ATM	0.046875	0	0
ATR	0.046875	0	0
CACNA1S	0.046875	0	0
CDH1	0.046875	0	-1.5625
CDK8	0.046875	4.6875	0
CIC	0.046875	4.6875	0
CRLF2	0.046875	0	0
DSPP	0.046875	0	0
EPHB1	0.046875	0	0
FANCD2	0.046875	3.125	0
FANCM	0.046875	0	0
FGF14	0.046875	1.5625	0
FGF19	0.046875	7.8125	0
FGFR1	0.046875	0	0
FLNA	0.046875	0	0
FLT1	0.046875	6.25	0
GRIN2B	0.046875	3.125	0
HNRNPU	0.046875	1.5625	0
IGF1R	0.046875	4.6875	0
IGFBP5	0.046875	3.125	0
IRS2	0.046875	3.125	0
JAK2	0.046875	0	0
JPH2	0.046875	10.9375	0
KDM5A	0.046875	3.125	0
KDR	0.046875	3.125	0
LHX2	0.046875	0	0
LHX4	0.046875	1.5625	0
MAP3K1	0.046875	0	0
MDM2	0.046875	6.25	0
MED12	0.046875	0	0
MYO5A	0.046875	0	0
NKX2-1	0.046875	0	0
PCDH11X	0.046875	0	0
PRDM8	0.046875	0	0
RAD50	0.046875	0	0
SHH	0.046875	1.5625	0
SIRT1	0.046875	0	0
SLIT2	0.046875	0	0
SOS1	0.046875	1.5625	0
SOX1	0.046875	0	0
TSHR	0.046875	0	0
UBR4	0.046875	0	0
UCP3	0.046875	4.6875	0
ABL1	0.03125	0	0
ACTN4	0.03125	7.8125	0
ADAMTS6	0.03125	0	0
ADGRA2	0.03125	0	0
AOX1	0.03125	3.125	0
BAGE2	0.03125	0	0
BAP1	0.03125	0	0
BBC3	0.03125	4.6875	0
BLM	0.03125	6.25	0
BMP4	0.03125	0	0
BMPR2	0.03125	1.5625	0
BTK	0.03125	0	0
C2CD3	0.03125	4.6875	0
CD79A	0.03125	4.6875	0
CDK12	0.03125	6.25	0
CDKN1B	0.03125	1.5625	0
CHD7	0.03125	3.125	0
CSF1R	0.03125	0	0
CTNNB1	0.03125	0	0
CYP21A2	0.03125	4.6875	0
DICER1	0.03125	0	0
DOT1L	0.03125	0	0
DPCR1	0.03125	1.5625	0
EGF	0.03125	0	0
EGFR	0.03125	17.1875	0
EPHA3	0.03125	0	-1.5625
EPHB2	0.03125	0	0
ESR1	0.03125	0	0
FANCL	0.03125	1.5625	0
FBXO4	0.03125	10.9375	0
FGF10	0.03125	9.375	0
FGF23	0.03125	3.125	0
FGFR4	0.03125	3.125	0
FLT4	0.03125	1.5625	0
FOXA1	0.03125	0	0
FOXD2	0.03125	0	0
GATA2	0.03125	0	0
GNA13	0.03125	1.5625	-1.5625
IDH1	0.03125	3.125	0
IL7R	0.03125	6.25	0
INHBA	0.03125	6.25	0
KCNA1	0.03125	0	0
KEAP1	0.03125	0	-1.5625
KIT	0.03125	3.125	0
KRAS	0.03125	15.625	0
LATS2	0.03125	4.6875	0
LTBP4	0.03125	4.6875	0
MAP2K2	0.03125	0	0
MAP2K4	0.03125	0	0
MAX	0.03125	0	0
MCL1	0.03125	4.6875	0
MET	0.03125	1.5625	0
MITF	0.03125	0	0
MMP2	0.03125	0	0
MSH2	0.03125	0	0
MSH6	0.03125	0	0
MX2	0.03125	0	-1.5625
MYC	0.03125	17.1875	0
MYCL	0.03125	1.5625	0
MYCN	0.03125	1.5625	0
NACAD	0.03125	6.25	0
NBN	0.03125	4.6875	0
NDRG4	0.03125	0	0
NF1	0.03125	0	0
NR2C2	0.03125	1.5625	0
NUP93	0.03125	0	0
OR51B4	0.03125	0	0
OSBP	0.03125	1.5625	0
PALB2	0.03125	1.5625	0
PAX6	0.03125	1.5625	0
PAX7	0.03125	0	0
PCDH11Y	0.03125	0	0
PDGFRA	0.03125	3.125	0
PIK3CB	0.03125	0	0
PIK3R1	0.03125	0	0
PIK3R2	0.03125	0	-1.5625
PMS2	0.03125	4.6875	0
PPP2R1A	0.03125	4.6875	0
PRKAA2	0.03125	0	0
PRKAR1A	0.03125	0	0
PROP1	0.03125	1.5625	0
PYCR1	0.03125	0	0
RAD51C	0.03125	0	0
RB1	0.03125	3.125	0
RET	0.03125	0	0
RUBCN	0.03125	0	0
RUNX1	0.03125	0	-1.5625
SDHC	0.03125	1.5625	0
SIX3	0.03125	0	0
SIX6	0.03125	0	0
SON	0.03125	0	0
SOX3	0.03125	0	0
STAT3	0.03125	1.5625	0
STK11	0.03125	0	0
SUPV3L1	0.03125	0	0
TGFBR2	0.03125	1.5625	0
TRIOBP	0.03125	0	0
WT1	0.03125	1.5625	0
ZFHX4	0.03125	0	0
ZNF217	0.03125	9.375	0
ZNF276	0.03125	0	0
ZNF717	0.03125	10.9375	-12.5
	0.015625	0	0
ACTN3	0.015625	0	0
AHR	0.015625	4.6875	0
AKT1	0.015625	0	0
ANOS1	0.015625	0	0
ARAF	0.015625	0	0
ARMC5	0.015625	3.125	0
AURKA	0.015625	7.8125	0
AXL	0.015625	4.6875	0
BAX	0.015625	4.6875	0
BCL2	0.015625	0	0
BCL6	0.015625	0	0
BMP8A	0.015625	0	0
BMP8B	0.015625	1.5625	0
CACNA1I	0.015625	0	0
CCNE1	0.015625	9.375	0
CCR10	0.015625	0	0
CDK2AP1	0.015625	0	0
CDK4	0.015625	4.6875	0
CDK6	0.015625	14.0625	0
CHEK1	0.015625	0	0
CHEK2P2	0.015625	0	0
CSK	0.015625	0	0
CTNNA2	0.015625	0	0
DBF4	0.015625	6.25	0
DPYSL2	0.015625	0	0
EPAS1	0.015625	0	0
EPHA2	0.015625	0	0
EPHB4	0.015625	0	0
FANCA	0.015625	0	0
FGF6	0.015625	3.125	0
FGF8	0.015625	0	0
FGFR2	0.015625	4.6875	0
FGFR3	0.015625	4.6875	0
FH	0.015625	1.5625	0
FOXD4	0.015625	0	0
FOXD4L1	0.015625	0	0
FOXE1	0.015625	0	0
FOXG1	0.015625	0	0
FOXS1	0.015625	0	0
GATA3	0.015625	0	0
GHR	0.015625	0	0
GID4	0.015625	0	0
GLI1	0.015625	0	0
GNA11	0.015625	0	0
GNRHR	0.015625	0	0
GREM2	0.015625	0	0
GSK3B	0.015625	0	0
HESX1	0.015625	0	0
HGF	0.015625	3.125	0
HIF1A	0.015625	0	0
HNF1B	0.015625	0	0
HOXB13	0.015625	0	0
HRAS	0.015625	0	0
HSP90AA1	0.015625	0	0
JAK3	0.015625	0	-1.5625
KCNA4	0.015625	0	0
KCNA6	0.015625	0	0
KDM5D	0.015625	0	0
KIF1B	0.015625	0	0
LGALS3	0.015625	0	0
MAN1A1	0.015625	0	0
MAP2K1	0.015625	0	0
MAPK1	0.015625	0	-1.5625
MDM4	0.015625	1.5625	0
MEF2B	0.015625	0	0
MEN1	0.015625	1.5625	0
MRAS	0.015625	0	0
MRE11	0.015625	0	0
MUTYH	0.015625	0	0
NCAM1	0.015625	0	0
NFE2L1	0.015625	3.125	0
NFE2L2	0.015625	1.5625	-1.5625
NFKBIA	0.015625	0	0
NKX2-2	0.015625	0	0
NKX3-1	0.015625	0	0
NR3C1	0.015625	0	0
NTRK1	0.015625	1.5625	0
OCLN	0.015625	0	0
OGDHL	0.015625	0	0
OTX2	0.015625	0	0
PALLD	0.015625	0	0
PAX2	0.015625	0	0
PAX5	0.015625	0	0
PBRM1	0.015625	0	0
PIM1	0.015625	0	0
POU1F1	0.015625	0	-1.5625
PPIE	0.015625	0	0
PRB3	0.015625	3.125	0
PRB4	0.015625	0	0
PRKG1	0.015625	0	0
PROCA1	0.015625	0	0
PTCH1	0.015625	0	0
PTGS2	0.015625	0	0
RAB18	0.015625	1.5625	0
RAB1A	0.015625	1.5625	0
RARA	0.015625	7.8125	0
RARS	0.015625	1.5625	0
REEP5	0.015625	0	0
RICTOR	0.015625	9.375	0
ROR1	0.015625	0	0
RPA1	0.015625	1.5625	0
RUNX3	0.015625	0	0
RXRG	0.015625	1.5625	0
SDHB	0.015625	0	0
SETD2	0.015625	0	0
SF3B1	0.015625	1.5625	0
SH2B3	0.015625	0	0
SKI	0.015625	0	0
SMAD2	0.015625	0	0
SMARCA2	0.015625	0	0
SNIP1	0.015625	0	0
SORT1	0.015625	0	0
SPANXN1	0.015625	0	0
SPOP	0.015625	3.125	0
SRC	0.015625	9.375	0
SRP9	0.015625	1.5625	0
TBXAS1	0.015625	1.5625	0
TCF7L1	0.015625	0	0
TFG	0.015625	0	0
TH	0.015625	1.5625	0
TMEM43	0.015625	1.5625	0
TNFAIP3	0.015625	1.5625	0
TNFRSF14	0.015625	0	0
TNRC6A	0.015625	0	0
TOP2A	0.015625	6.25	0
TPM4	0.015625	0	0
TPMT	0.015625	1.5625	-1.5625
TRAF7	0.015625	0	0
TSHB	0.015625	0	-1.5625
U2AF1	0.015625	0	0
UGT2B7	0.015625	0	0
WIF1	0.015625	3.125	0
WNT7B	0.015625	0	0
WNT9A	0.015625	1.5625	0
ZNF384	0.015625	0	0
ZNF703	0.015625	0	0
CDK11A	0	0	-3.125
GS_077	0	0	0
WNT4	0	0	0
GS_034	0	0	0
MPL	0	0	0
CDKN2C	0	0	0
GI_086	0	0	0
JUN	0	0	0
GI_048	0	0	0
LD_004_R	0	0	0
GS_076	0	0	0
CS_022	0	0	-1.5625
NRAS	0	0	-1.5625
FAM46C	0	0	0
S100A9	0	3.125	0
TPM3	0	3.125	0
GI_030	0	1.5625	0
DDR2	0	1.5625	0
LoGC_03	0	0	0
CDC73	0	0	0
SQ_005_R	0	0	0
GI_097	0	0	0
IKBKE	0	0	0
H3F3A	0	1.5625	0
GS_015	0	1.5625	0
EGLN1	0	1.5625	0
SD_002_R	0	1.5625	0
GS_062	0	1.5625	0
CHRM3	0	1.5625	0
AKT3	0	1.5625	0
SH_008_R	0	0	0
GS_016	0	0	-1.5625
GS_101	0	1.5625	0
GS_012	0	1.5625	0
GS_027	0	1.5625	0
POMC	0	1.5625	0
GS_010	0	1.5625	0
GS_059	0	1.5625	0
GS_058	0	0	0
EPCAM	0	0	0
BAT26	0	0	0
D2S123	0	0	0
XPO1	0	1.5625	0
GI_094	0	0	0
GS_003	0	0	0
TMEM127	0	0	0
GS_024	0	1.5625	0
VLGC_09	0	0	0
GS_033	0	0	0
GS_023	0	0	0
PDK1	0	1.5625	-1.5625
MLTK	0	1.5625	-1.5625
HiGC_03	0	1.5625	0
STAT4	0	1.5625	0
GS_092	0	3.125	0
BARD1	0	3.125	0
CS_462	0	1.5625	0
GS_072	0	1.5625	0
UGT1A1	0	1.5625	0
GS_087	0	1.5625	0
VHL	0	3.125	0
RAF1	0	1.5625	0
MLH1	0	0	0
MYD88	0	0	0
GS_009	0	0	0
GS_096	0	0	0
SH_005_R	0	0	0
GS_022	0	0	0
HiGC_08	0	0	0
SSR3	0	0	0
TERC	0	0	0
CLDN11	0	0	0
ST_003_R	0	0	0
GI_049	0	0	0
GS_043	0	0	0
KLHL6	0	1.5625	0
GS_035	0	1.5625	0
GS_069	0	0	0
KIAA0226	0	0	0
GS_061	0	0	0
GS_082	0	0	0
GS_020	0	0	0
CS_585	0	3.125	0
BAT25	0	3.125	0
ST_005_R	0	0	0
TET2	0	0	0
NEUROG2	0	0	0
FGF2	0	0	0
GS_017	0	0	0
SQ_009_R	0	1.5625	0
GS_051	0	0	0
GS_002	0	0	0
GI_070	0	0	0
HPGD	0	0	-1.5625
SD_001_R	0	0	-1.5625
GS_075	0	0	0
PRLR	0	6.25	0
GS_032	0	9.375	0
GS_053	0	0	0
CCNB1	0	0	0
SD_006_R	0	0	0
GI_006	0	0	0
GI_074	0	0	0
CHD1	0	1.5625	0
D5S346	0	0	0
LoGC_01	0	0	0
CTNNA1	0	0	-1.5625
GS_065	0	0	0
PDGFRB	0	0	0
GS_057	0	0	0
PTTG1	0	0	0
GS_021	0	0	0
NPM1	0	1.5625	0
VHGC_15	0	1.5625	0
IRF4	0	1.5625	0
GS_066	0	1.5625	0
CS_641	0	1.5625	0
DAXX	0	1.5625	0
HMGA1	0	1.5625	0
FANCE	0	1.5625	0
CDKN1A	0	1.5625	0
CS_648	0	1.5625	0
CCND3	0	6.25	0
GS_042	0	7.8125	0
VEGFA	0	7.8125	0
SH_006_R	0	0	0
CGA	0	0	0
GS_041	0	0	0
GS_067	0	0	0
PRDM1	0	6.25	0
CS_653	0	6.25	0
SNX3	0	3.125	0
CS_654	0	3.125	0
WISP3	0	1.5625	0
ROS1	0	0	0
LQ_003_R	0	1.5625	0
LD_003_R	0	0	0
VLGC_06	0	0	0
GS_014	0	0	0
SH_010_R	0	0	-1.5625
HiGC_02	0	6.25	0
RAC1	0	4.6875	0
LT_019_R	0	4.6875	0
SD_003_R	0	3.125	0
OGDH	0	6.25	0
GS_047	0	3.125	0
SD_004_R	0	15.625	0
GS_080	0	9.375	0
RASA4	0	14.0625	-7.8125
GS_050	0	6.25	0
GS_046	0	1.5625	0
SMO	0	1.5625	0
EZH2	0	1.5625	0
GI_093	0	1.5625	0
LQ_008_R	0	3.125	-1.5625
GS_084	0	4.6875	0
LH_009_R	0	6.25	0
GPR124	0	0	0
GS_011	0	4.6875	0
LoGC_04	0	4.6875	0
ST_008_R	0	4.6875	0
GS_013	0	4.6875	0
LD_001_R	0	6.25	0
GS_102	0	6.25	0
LT_001_R	0	6.25	0
GS_055	0	6.25	0
chr8:143740227-143747517	0	6.25	0
CDKN2B	0	0	-10.9375
GS_088	0	0	0
FANCG	0	1.5625	0
GS_007	0	0	0
NTRK2	0	0	0
GS_004	0	0	0
GADD45G	0	0	0
LH_008_R	0	1.5625	0
GS_037	0	1.5625	0
FANCC	0	1.5625	0
GS_089	0	0	0
SH_003_R	0	0	0
CS_766	0	0	0
VHGC_11	0	0	0
TSC1	0	0	0
REXO4	0	0	0
LHX3	0	0	0
EGFL7	0	0	0
LQ_001_R	0	0	0
GS_068	0	0	0
GS_040	0	1.5625	0
BMPR1A	0	0	-1.5625
CS_075	0	0	-1.5625
LD_100_R	0	0	0
SUFU	0	0	0
VHGC_17	0	0	0
GS_081	0	1.5625	0
FSHB	0	1.5625	0
GS_019	0	1.5625	0
GS_100	0	3.125	0
SDHAF2	0	1.5625	0
CAPN1	0	1.5625	0
AIP	0	4.6875	0
CCND1	0	9.375	0
FGF4	0	7.8125	0
FGF3	0	7.8125	0
C11orf30	0	6.25	0
GS_078	0	4.6875	0
MRE11A	0	1.5625	0
SDHD	0	0	0
CBL	0	1.5625	0
GI_099	0	0	0
GI_045	0	0	0
CI_019	0	3.125	0
VLGC_01	0	0	0
GS_026	0	0	0
SQ_006_R	0	1.5625	0
HMGA2	0	4.6875	0
GS_091	0	1.5625	0
VLGC_02	0	0	0
SOCS2	0	0	0
GS_052	0	0	0
CS_203	0	0	0
PTPN11	0	1.5625	0
TESC	0	1.5625	0
LoGC_02	0	0	0
FLT3	0	4.6875	0
LH_006_R	0	7.8125	0
HMGB1	0	7.8125	0
LoGC_05	0	7.8125	0
GS_095	0	3.125	0
LT_013_R	0	1.5625	0
GS_001	0	1.5625	0
GS_025	0	3.125	-1.5625
BCL2L2	0	0	0
GS_038	0	4.6875	0
ESR2	0	0	0
GS_056	0	0	0
HiGC_09	0	0	0
GS_031	0	0	0
GREM1	0	0	0
RAD51	0	0	0
CYP19A1	0	0	0
GS_073	0	0	0
VHGC_12	0	0	0
LOXL1	0	1.5625	0
IDH2	0	4.6875	0
ST_004_R	0	6.25	0
GS_039	0	4.6875	0
GS_079	0	4.6875	0
CS_278	0	0	0
SOCS1	0	0	0
SH_004_R	0	3.125	0
GS_083	0	0	0
CBFB	0	0	0
CTCF	0	0	0
LH_011_R	0	0	0
GI_085	0	0	0
DNAAF1	0	0	0
MAP1LC3B	0	0	0
GS_090	0	0	0
AURKB	0	0	-1.5625
GS_063	0	1.5625	0
ATPAF2	0	0	0
RAD51D	0	0	0
CS_341	0	0	0
ATP6V0A1	0	0	0
NME2	0	1.5625	0
SQ_004_R	0	3.125	0
BRIP1	0	1.5625	0
CDK3	0	0	0
GS_036	0	4.6875	0
VHGC_13	0	0	0
GS_029	0	0	0
CS_363	0	0	0
SQ_002_R	0	0	0
VLGC_10	0	0	0
LQ_005_R	0	0	0
GADD45B	0	0	0
CS_383	0	0	0
PRDX2	0	0	0
GS_054	0	0	0
CEBPA	0	6.25	0
MAG	0	7.8125	0
LHB	0	4.6875	0
GS_064	0	4.6875	0
LQ_007_R	0	6.25	0
SNAP25	0	6.25	0
LH_005_R	0	7.8125	0
TOP1	0	9.375	0
ARFRP1	0	9.375	0
CXADR	0	1.5625	0
SD_005_R	0	0	0
CS_471	0	0	0
ERG	0	0	-1.5625
CRKL	0	0	-1.5625
SQ_001_R	0	0	-1.5625
GS_060	0	0	0
ADRBK2	0	0	0
NF2	0	0	0
SOX10	0	0	0
CYP2D6	0	0	-17.1875
